9
1 360 150
1 400 150
1 360 210
1 400 210
1 280 150
1 280 210
1 480 150
1 480 210
2 380 240
11
1 360 150
1 320 150
1 280 150
1 400 150
1 440 150
1 480 150
2 380 220
2 340 220
2 300 220
2 420 220
2 460 220
9
2 380 210
3 360 180
3 400 180
2 340 210
2 420 210
3 320 180
3 440 180
2 320 180
2 440 180
22
1 380 180
1 340 180
1 420 180
1 300 180
1 460 180
1 360 150
1 320 150
1 280 150
1 400 150
1 440 150
1 480 150
1 360 210
1 320 210
1 280 210
1 400 210
1 440 210
1 480 210
2 380 240
2 340 240
2 300 240
2 420 240
2 460 240
27
1 360 130
1 320 130
1 280 130
1 400 130
1 440 130
1 480 130
1 240 130
1 520 130
1 200 130
1 560 130
1 600 130
1 180 160
1 180 220
1 180 280
1 180 340
1 180 400
1 620 160
1 620 220
1 620 280
1 620 340
1 620 400
2 380 160
2 340 160
2 420 160
2 460 160
2 500 160
2 300 160
21
1 380 150
1 360 180
1 400 180
1 380 210
1 340 210
1 420 210
2 360 240
2 400 240
1 320 240
1 440 240
3 360 240
3 400 240
1 340 270
1 420 270
1 380 270
1 500 150
2 480 180
2 520 180
1 260 150
2 240 180
2 280 180
42
1 80 150
1 120 150
1 160 150
1 200 150
1 240 150
1 280 150
1 320 150
1 360 150
1 400 150
1 440 150
1 480 150
1 520 150
1 560 150
1 600 150
1 640 150
1 680 150
1 140 180
1 180 180
1 220 180
1 260 180
1 300 180
1 340 180
1 380 180
1 420 180
1 460 180
1 500 180
1 540 180
1 580 180
1 620 180
1 240 240
1 280 240
1 320 240
1 360 240
1 400 240
1 440 240
1 480 240
1 520 240
1 560 240
1 340 270
1 380 270
1 420 270
1 460 270
31
3 200 150
2 220 180
3 220 180
2 180 180
3 180 180
2 200 210
3 580 150
2 600 180
3 600 180
2 560 180
3 560 180
2 580 210
1 260 400
1 300 400
1 340 400
1 380 400
1 420 400
1 460 400
1 500 400
1 280 370
1 320 370
1 360 370
1 400 370
1 440 370
1 480 370
1 520 370
1 240 370
3 580 260
3 580 290
3 200 260
3 200 290
76
2 80 150
3 80 150
2 120 150
3 120 150
2 160 150
3 160 150
2 200 150
3 200 150
2 240 150
3 240 150
2 280 150
3 280 150
2 320 150
3 320 150
2 360 150
3 360 150
2 400 150
3 400 150
2 440 150
3 440 150
2 480 150
3 480 150
2 520 150
3 520 150
2 560 150
3 560 150
2 600 150
3 600 150
2 640 150
3 640 150
2 680 150
3 680 150
2 140 180
3 140 180
2 180 180
3 180 180
2 220 180
3 220 180
2 260 180
3 260 180
2 300 180
3 300 180
2 340 180
3 340 180
2 380 180
3 380 180
2 420 180
3 420 180
2 460 180
3 460 180
2 500 180
3 500 180
2 540 180
3 540 180
2 580 180
3 580 180
2 620 180
3 620 180
2 240 240
3 240 240
2 280 240
3 280 240
2 320 240
3 320 240
2 360 240
3 360 240
2 400 240
3 400 240
2 440 240
3 440 240
2 480 240
3 480 240
2 520 240
3 520 240
2 560 240
3 560 240
